---------------------------------------------------------------------------------			
Current HTSUS (Import) Numbers that are Invalid for use in AES as of July 1, 2020
      *This list excludes all codes from HTSUS (import) Chapters 98 and 99,
			which are also not to be used in AES.*
---------------------------------------------------------------------------------			

0206290000
0206490000
0207140040
0207270040
0303890064
0401202000
0401204000
0409000005
0504000060
0701905045
0701905055
0701905065
0702002010
0702002035
0702002045
0702002065
0702002099
0702004010
0702004035
0702004046
0702004065
0702004098
0702006010
0702006035
0702006045
0702006065
0702006099
0703102000
0704102000
0704104000
0704106000
0704902000
0704904020
0705112000
0705114000
0705192000
0705194000
0706100500
0706101000
0706102000
0706903000
0707002000
0707004000
0707005010
0707005090
0707006010
0707006030
0707006050
0708102000
0708104000
0709201010
0709201090
0709209010
0709209090
0709402000
0709404000
0709406000
0709602010
0709602090
0709604055
0709604095
0709700000
0713332090
0713334090
0713392170
0713394170
0805100040
0805404000
0805406000
0805408000
0805503000
0805504000
0806102000
0806104000
0806106000
0807113010
0807113090
0807114010
0807114090
0808100030
0809290000
0809302000
0809304010
0809304090
0810102000
0810104000
0810201020
0810201022
0810201024
0810201040
0810209022
0810209024
0810209030
0810209090
1005902015
1005902025
1005904060
1006309015
1209299179
1209300090
1515210000
1601006060
1601006080
1602310040
1602320040
1701990500
1701991015
1701991017
1701991025
1701991050
1701995015
1701995017
1701995025
1701995050
1901200200
1901200500
1901201500
1901202000
1901202500
1901203000
1901203500
1901204000
1901204200
1901204500
1901205000
1901205500
1901206000
1901206500
1901207000
1901208000
2005100000
2007100000
2008199090
2103204020
2103204040
2209000000
2401106330
2401106360
2401106530
2401106560
2401109510
2401109560
2401200500
2401201800
2401203310
2401203320
2401203510
2401203520
2401208310
2401208320
2401208510
2401208520
2401208710
2401208720
2401300300
2401300600
2401300900
2401301300
2401301600
2401301900
2401302310
2401302320
2401302335
2401302340
2401302350
2401302360
2401302390
2401302510
2401302520
2401302535
2401302540
2401302550
2401302560
2401302590
2401302710
2401302720
2401302735
2401302740
2401302750
2401302760
2401302790
2401303310
2401303320
2401303335
2401303340
2401303350
2401303360
2401303390
2401303510
2401303520
2401303535
2401303540
2401303550
2401303560
2401303590
2401303710
2401303720
2401303735
2401303740
2401303750
2401303760
2401303790
2401307010
2401307020
2401307035
2401307040
2401307050
2401307060
2401307090
2704000011
2704000025
2710129000
2710190625
2710190630
2710190635
2716000000
2826199000
2901101000
2907196100
2912293000
2921191100
2934305000
3215111000
3215113000
3215191000
3215193000
3901101000
4403970022
5201000500
5201001200
5201001400
5201001800
5201002200
5201002400
5201002800
5201003400
5201003800
5201005500
5201006000
5201008000
7211233000
7211234500
7211236030
7211236060
7211236090
7401000000
7404003020
7404003045
7404003055
7404003065
7404003090
7404006020
7404006045
7404006055
7404006065
7404006090
7604103000
7604105000
7604293030
7604293060
7604293090
7604295020
7604295050
7604295090
7606913055
7606913095
7606916055
7606916095
7606923025
7606923035
7606926055
7606926095
8411114000
8411124000
8411214000
8411224000
8411814000
8411824000
8411919081
8411919085
8411999090
8423901000
8480718020
8502390080
8507204000
8507208010
8525507010
8525507050
8525601030
8525601050
8525805015
8526100040
8526910020
8526910040
8527991500
8537103000
8538903000
8538904000
8538906000
8543906800
8701911000
8701921000
8701931000
8701941000
8701951000
9014101000
9014106000
9014107030
9014107060
9014109000
9030333800
9030906600
9030906800
9303304010
9303308005
9705000001

----------------------------------------------------------------------------------
"Source: International Trade Micro Analysis Branch, Economic Indicators Division,"
"  U.S. Census Bureau, Washington, D.C. 20233 - Phone: 1-800-549-0595, Option 2  "
----------------------------------------------------------------------------------
